2 0.7171875 0.3765625 0.5640625 0.41953125
2 0.35390625 0.4125 0.36640625 0.26484375
2 0.1890625 0.51796875 0.28125 0.1875
2 0.23515625 0.73828125 0.3125 0.1859375
2 0.3796875 0.59375 0.29921875 0.1890625
2 0.6546875 0.64140625 0.2515625 0.13828125
2 0.54765625 0.7203125 0.19765625 0.13984375
2 0.434375 0.778125 0.14453125 0.1203125
2 0.60390625 0.80234375 0.20078125 0.06875
2 0.76171875 0.73671875 0.1875 0.20078125
2 0.92890625 0.7828125 0.13828125 0.10859375
2 0.95234375 0.67421875 0.0921875 0.20703125
2 0.39453125 0.2234375 0.36171875 0.11328125