2 0.79921875 0.82109375 0.1515625 0.275
2 0.63125 0.73984375 0.26796875 0.27109375
2 0.7796875 0.55625 0.1921875 0.221875
2 0.7828125 0.3453125 0.184375 0.22890625
2 0.7859375 0.14609375 0.17734375 0.28984375
2 0.67421875 0.45859375 0.2546875 0.284375
2 0.64453125 0.20703125 0.21015625 0.221875
2 0.69609375 0.93203125 0.2234375 0.1359375
2 0.51640625 0.96015625 0.13828125 0.07890625
2 0.496875 0.85859375 0.0984375 0.17109375
2 0.36171875 0.70234375 0.29921875 0.23359375
2 0.471875 0.4640625 0.184375 0.3171875
2 0.48515625 0.096875 0.23515625 0.190625
2 0.41953125 0.2234375 0.246875 0.25625
2 0.32421875 0.4015625 0.26328125 0.340625
2 0.29921875 0.9109375 0.34375 0.17734375
2 0.2171875 0.59375 0.18125 0.28984375
2 0.17421875 0.32421875 0.0921875 0.22734375
2 0.26171875 0.10703125 0.20703125 0.2125