2 0.54921875 0.6515625 0.14453125 0.17890625
2 0.61171875 0.51015625 0.20234375 0.17890625
2 0.51328125 0.7546875 0.26953125 0.24140625
2 0.3421875 0.70234375 0.20234375 0.23046875
2 0.30234375 0.51640625 0.1921875 0.215625
2 0.4421875 0.54765625 0.128125 0.19921875
2 0.4109375 0.36015625 0.23359375 0.2125
2 0.50859375 0.1828125 0.17421875 0.20390625
2 0.659375 0.08203125 0.20390625 0.1609375
2 0.60234375 0.33515625 0.18125 0.23203125
2 0.70546875 0.69765625 0.1859375 0.2828125
2 0.72890625 0.4109375 0.13671875 0.26171875
2 0.70546875 0.19921875 0.1859375 0.25