2 0.28125 0.85546875 0.2171875 0.24140625
2 0.23359375 0.6859375 0.15 0.23359375
2 0.52265625 0.85 0.20703125 0.26484375
2 0.55234375 0.57578125 0.23203125 0.315625
2 0.6859375 0.67109375 0.23515625 0.21015625
2 0.73359375 0.44921875 0.20390625 0.20234375
2 0.5359375 0.41796875 0.17578125 0.2140625
2 0.29921875 0.47890625 0.20859375 0.17890625
2 0.4078125 0.5984375 0.1515625 0.22890625
2 0.315625 0.3140625 0.1609375 0.19921875
2 0.42578125 0.2796875 0.1546875 0.1890625
2 0.3765625 0.16796875 0.14609375 0.16796875
2 0.58046875 0.2796875 0.30078125 0.19765625
2 0.76796875 0.24140625 0.13671875 0.27109375
2 0.67734375 0.11015625 0.3171875 0.21875
2 0.471875 0.1 0.16484375 0.19765625