2 0.28125 0.14453125 0.2171875 0.24140625
2 0.23359375 0.3140625 0.15 0.23359375
2 0.52265625 0.15 0.20703125 0.26484375
2 0.55234375 0.42421875 0.23203125 0.315625
2 0.6859375 0.32890625 0.23515625 0.21015625
2 0.73359375 0.55078125 0.20390625 0.20234375
2 0.5359375 0.58203125 0.17578125 0.2140625
2 0.29921875 0.52109375 0.20859375 0.17890625
2 0.4078125 0.4015625 0.1515625 0.22890625
2 0.315625 0.6859375 0.1609375 0.19921875
2 0.42578125 0.7203125 0.1546875 0.1890625
2 0.3765625 0.83203125 0.14609375 0.16796875
2 0.58046875 0.7203125 0.30078125 0.19765625
2 0.76796875 0.75859375 0.13671875 0.27109375
2 0.67734375 0.88984375 0.3171875 0.21875
2 0.471875 0.9 0.16484375 0.19765625