2 0.7796875 0.909375 0.121875 0.18125
2 0.73828125 0.753125 0.19921875 0.14296875
2 0.7453125 0.65625 0.190625 0.1578125
2 0.73671875 0.42890625 0.20859375 0.33359375
2 0.74375 0.20546875 0.19375 0.2140625
2 0.534375 0.14453125 0.3125 0.2859375
2 0.54921875 0.4421875 0.26484375 0.3453125
2 0.58515625 0.6921875 0.1890625 0.23046875
2 0.61796875 0.903125 0.225 0.19375
2 0.496875 0.85859375 0.14140625 0.15
2 0.3703125 0.6609375 0.2453125 0.29453125
2 0.3109375 0.39140625 0.15 0.2796875
2 0.25 0.15 0.17578125 0.21015625
2 0.23515625 0.61328125 0.14609375 0.26015625
2 0.32734375 0.89921875 0.1609375 0.2015625
2 0.2234375 0.88828125 0.1203125 0.2234375