2 0.7796875 0.090625 0.121875 0.18125
2 0.73828125 0.246875 0.19921875 0.14296875
2 0.7453125 0.34375 0.190625 0.1578125
2 0.73671875 0.57109375 0.20859375 0.33359375
2 0.74375 0.79453125 0.19375 0.2140625
2 0.534375 0.85546875 0.3125 0.2859375
2 0.54921875 0.5578125 0.26484375 0.3453125
2 0.58515625 0.3078125 0.1890625 0.23046875
2 0.61796875 0.096875 0.225 0.19375
2 0.496875 0.14140625 0.14140625 0.15
2 0.3703125 0.3390625 0.2453125 0.29453125
2 0.3109375 0.60859375 0.15 0.2796875
2 0.25 0.85 0.17578125 0.21015625
2 0.23515625 0.38671875 0.14609375 0.26015625
2 0.32734375 0.1 0.1609375 0.2
2 0.2234375 0.11171875 0.1203125 0.2234375