2 0.315625 0.1515625 0.11640625 0.20078125
2 0.378125 0.1234375 0.0890625 0.17109375
2 0.44921875 0.04765625 0.159375 0.0953125
2 0.42421875 0.9359375 0.1234375 0.1265625
2 0.54140625 0.96875 0.184375 0.059375
2 0.35703125 0.39296875 0.15625 0.1609375
2 0.36171875 0.51015625 0.1609375 0.11484375
2 0.4046875 0.60234375 0.13828125 0.16796875
2 0.36015625 0.75625 0.13984375 0.17265625
2 0.3109375 0.64296875 0.0921875 0.125
2 0.48046875 0.6859375 0.14453125 0.184375
2 0.47890625 0.79453125 0.11015625 0.0984375
2 0.5625 0.7796875 0.1234375 0.1546875
2 0.52265625 0.525 0.153125 0.16484375
2 0.496875 0.3796875 0.14296875 0.15625
2 0.49140625 0.25625 0.11875 0.17265625
2 0.59375 0.2765625 0.14765625 0.1578125
2 0.61640625 0.42890625 0.1546875 0.17421875
2 0.6265625 0.628125 0.184375 0.17421875
2 0.38359375 0.28125 0.128125 0.1234375