2 0.315625 0.8484375 0.11640625 0.20078125
2 0.378125 0.8765625 0.0890625 0.17109375
2 0.44921875 0.95234375 0.159375 0.0953125
2 0.42421875 0.0640625 0.1234375 0.1265625
2 0.54140625 0.03125 0.184375 0.059375
2 0.35703125 0.60703125 0.15625 0.1609375
2 0.36171875 0.48984375 0.1609375 0.11484375
2 0.4046875 0.39765625 0.13828125 0.16796875
2 0.36015625 0.24375 0.13984375 0.17265625
2 0.3109375 0.35703125 0.0921875 0.125
2 0.48046875 0.3140625 0.14453125 0.184375
2 0.47890625 0.20546875 0.11015625 0.0984375
2 0.5625 0.2203125 0.1234375 0.1546875
2 0.52265625 0.475 0.153125 0.16484375
2 0.496875 0.6203125 0.14296875 0.15625
2 0.49140625 0.74375 0.11875 0.17265625
2 0.59375 0.7234375 0.14765625 0.1578125
2 0.61640625 0.57109375 0.1546875 0.17421875
2 0.6265625 0.371875 0.184375 0.17421875
2 0.38359375 0.71875 0.128125 0.1234375