1 0.7125 0.17734375 0.2453125 0.2234375
1 0.54296875 0.1515625 0.3421875 0.30078125
1 0.29296875 0.10234375 0.246875 0.20390625
1 0.67109375 0.38125 0.10546875 0.08046875
1 0.79296875 0.4421875 0.07578125 0.0890625
1 0.8109375 0.54296875 0.04609375 0.0671875
1 0.8109375 0.68125 0.04609375 0.04609375
1 0.43125 0.36484375 0.07890625 0.06875
1 0.3390625 0.4109375 0.0625 0.07421875
1 0.26171875 0.28984375 0.05625 0.0640625
1 0.26171875 0.35546875 0.0671875 0.05078125
1 0.20390625 0.2171875 0.0625 0.0625
1 0.22890625 0.48046875 0.11875 0.11328125
1 0.73828125 0.79296875 0.1921875 0.1515625
1 0.44375 0.7546875 0.4109375 0.2140625
1 0.51171875 0.89296875 0.3125 0.21015625
1 0.309375 0.9015625 0.278125 0.19375